DEBUG: Gaming JSON excerpt:
					"jitter_ms":	0.5351425058181003,
					"lost_packets":	0,
					"lost_percent":	0,
			"jitter_ms":	0.5351425058181003,
			"lost_packets":	0,
			"lost_percent":	0,
			"jitter_ms":	0,
			"lost_packets":	0,
			"lost_percent":	0,
			"jitter_ms":	0.5351425058181003,
			"lost_packets":	0,
			"lost_percent":	0,
DEBUG: Bulk JSON excerpt:
					"bits_per_second":	89158290.010446161,
			"bits_per_second":	89338130.981885433,
			"bits_per_second":	89158290.010446161,
