DEBUG: Gaming JSON excerpt:
					"jitter_ms":	0.041430648799434214,
					"lost_packets":	0,
					"lost_percent":	0,
			"jitter_ms":	0.041430648799434214,
			"lost_packets":	0,
			"lost_percent":	0,
			"jitter_ms":	0,
			"lost_packets":	0,
			"lost_percent":	0,
			"jitter_ms":	0.041430648799434214,
			"lost_packets":	0,
			"lost_percent":	0,
DEBUG: Bulk JSON excerpt:
					"bits_per_second":	51013517.895189427,
			"bits_per_second":	51589596.129185736,
			"bits_per_second":	51013517.895189427,
