DEBUG: Gaming JSON excerpt:
					"jitter_ms":	0.92904272651985231,
					"lost_packets":	0,
					"lost_percent":	0,
			"jitter_ms":	0.92904272651985231,
			"lost_packets":	0,
			"lost_percent":	0,
			"jitter_ms":	0,
			"lost_packets":	0,
			"lost_percent":	0,
			"jitter_ms":	0.92904272651985231,
			"lost_packets":	0,
			"lost_percent":	0,
DEBUG: Bulk JSON excerpt:
					"bits_per_second":	404365440.49363911,
			"bits_per_second":	404644969.221747,
			"bits_per_second":	404365440.49363911,
