DEBUG: Gaming JSON excerpt:
					"jitter_ms":	0.019584251806199691,
					"lost_packets":	0,
					"lost_percent":	0,
			"jitter_ms":	0.019584251806199691,
			"lost_packets":	0,
			"lost_percent":	0,
			"jitter_ms":	0,
			"lost_packets":	0,
			"lost_percent":	0,
			"jitter_ms":	0.019584251806199691,
			"lost_packets":	0,
			"lost_percent":	0,
DEBUG: Bulk JSON excerpt:
					"bits_per_second":	35450362.8250779,
			"bits_per_second":	35711444.192071274,
			"bits_per_second":	35450362.8250779,
