DEBUG: Gaming JSON excerpt:
					"jitter_ms":	0.040036464358992975,
					"lost_packets":	0,
					"lost_percent":	0,
			"jitter_ms":	0.040036464358992975,
			"lost_packets":	0,
			"lost_percent":	0,
			"jitter_ms":	0,
			"lost_packets":	0,
			"lost_percent":	0,
			"jitter_ms":	0.040036464358992975,
			"lost_packets":	0,
			"lost_percent":	0,
DEBUG: Bulk JSON excerpt:
					"bits_per_second":	9794353.1798059046,
			"bits_per_second":	9816455.85179295,
			"bits_per_second":	9794353.1798059046,
