DEBUG: Gaming JSON excerpt:
					"jitter_ms":	1.480257079338112,
					"lost_packets":	0,
					"lost_percent":	0,
			"jitter_ms":	1.480257079338112,
			"lost_packets":	0,
			"lost_percent":	0,
			"jitter_ms":	0,
			"lost_packets":	0,
			"lost_percent":	0,
			"jitter_ms":	1.480257079338112,
			"lost_packets":	0,
			"lost_percent":	0,
DEBUG: Bulk JSON excerpt:
					"bits_per_second":	165416510.011082,
			"bits_per_second":	165631315.25879258,
			"bits_per_second":	165416510.011082,
