DEBUG: Gaming JSON excerpt:
					"jitter_ms":	1.7514592788354346,
					"lost_packets":	0,
					"lost_percent":	0,
			"jitter_ms":	1.7514592788354346,
			"lost_packets":	0,
			"lost_percent":	0,
			"jitter_ms":	0,
			"lost_packets":	0,
			"lost_percent":	0,
			"jitter_ms":	1.7514592788354346,
			"lost_packets":	0,
			"lost_percent":	0,
DEBUG: Bulk JSON excerpt:
					"bits_per_second":	442790158.33603334,
			"bits_per_second":	443039987.10669136,
			"bits_per_second":	442790158.33603334,
