DEBUG: Gaming JSON excerpt:
					"jitter_ms":	2.3091512530833778,
					"lost_packets":	0,
					"lost_percent":	0,
			"jitter_ms":	2.3091512530833778,
			"lost_packets":	0,
			"lost_percent":	0,
			"jitter_ms":	0,
			"lost_packets":	0,
			"lost_percent":	0,
			"jitter_ms":	2.3091512530833778,
			"lost_packets":	0,
			"lost_percent":	0,
DEBUG: Bulk JSON excerpt:
					"bits_per_second":	341280381.642674,
			"bits_per_second":	341546990.66626167,
			"bits_per_second":	341280381.642674,
