DEBUG: Gaming JSON excerpt:
					"jitter_ms":	1.412787801255607,
					"lost_packets":	0,
					"lost_percent":	0,
			"jitter_ms":	1.412787801255607,
			"lost_packets":	0,
			"lost_percent":	0,
			"jitter_ms":	0,
			"lost_packets":	0,
			"lost_percent":	0,
			"jitter_ms":	1.412787801255607,
			"lost_packets":	0,
			"lost_percent":	0,
DEBUG: Bulk JSON excerpt:
					"bits_per_second":	917797670.9805572,
			"bits_per_second":	918009924.32373977,
			"bits_per_second":	917797670.9805572,
