DEBUG: Gaming JSON excerpt:
					"jitter_ms":	0.05409140980110768,
					"lost_packets":	0,
					"lost_percent":	0,
			"jitter_ms":	0.05409140980110768,
			"lost_packets":	0,
			"lost_percent":	0,
			"jitter_ms":	0,
			"lost_packets":	0,
			"lost_percent":	0,
			"jitter_ms":	0.05409140980110768,
			"lost_packets":	0,
			"lost_percent":	0,
DEBUG: Bulk JSON excerpt:
					"bits_per_second":	936157966.260751,
			"bits_per_second":	936395017.117735,
			"bits_per_second":	936157966.260751,
