DEBUG: Gaming JSON excerpt:
					"jitter_ms":	5.4090086395594783,
					"lost_packets":	0,
					"lost_percent":	0,
			"jitter_ms":	5.4090086395594783,
			"lost_packets":	0,
			"lost_percent":	0,
			"jitter_ms":	0,
			"lost_packets":	0,
			"lost_percent":	0,
			"jitter_ms":	5.4090086395594783,
			"lost_packets":	0,
			"lost_percent":	0,
DEBUG: Bulk JSON excerpt:
					"bits_per_second":	938638274.48500264,
			"bits_per_second":	938859254.60309,
			"bits_per_second":	938638274.48500264,
