DEBUG: Gaming JSON excerpt:
					"jitter_ms":	0.026715543446193174,
					"lost_packets":	0,
					"lost_percent":	0,
			"jitter_ms":	0.026715543446193174,
			"lost_packets":	0,
			"lost_percent":	0,
			"jitter_ms":	0,
			"lost_packets":	0,
			"lost_percent":	0,
			"jitter_ms":	0.026715543446193174,
			"lost_packets":	0,
			"lost_percent":	0,
DEBUG: Bulk JSON excerpt:
					"bits_per_second":	19144046.26745943,
			"bits_per_second":	19188473.888278127,
			"bits_per_second":	19144046.26745943,
