DEBUG: Gaming JSON excerpt:
					"jitter_ms":	0.98628933483300141,
					"lost_packets":	0,
					"lost_percent":	0,
			"jitter_ms":	0.98628933483300141,
			"lost_packets":	0,
			"lost_percent":	0,
			"jitter_ms":	0,
			"lost_packets":	0,
			"lost_percent":	0,
			"jitter_ms":	0.98628933483300141,
			"lost_packets":	0,
			"lost_percent":	0,
DEBUG: Bulk JSON excerpt:
					"bits_per_second":	508447909.71332854,
			"bits_per_second":	508698936.97965389,
			"bits_per_second":	508447909.71332854,
