DEBUG: Gaming JSON excerpt:
					"jitter_ms":	3.0060662008885246,
					"lost_packets":	0,
					"lost_percent":	0,
			"jitter_ms":	3.0060662008885246,
			"lost_packets":	0,
			"lost_percent":	0,
			"jitter_ms":	0,
			"lost_packets":	0,
			"lost_percent":	0,
			"jitter_ms":	3.0060662008885246,
			"lost_packets":	0,
			"lost_percent":	0,
DEBUG: Bulk JSON excerpt:
					"bits_per_second":	937025719.308075,
			"bits_per_second":	937286110.66266251,
			"bits_per_second":	937025719.308075,
